
----------------------------------------------------------------------------------------------------------------
|    y/x     || +0.000e+00 || +7.000e-01 || +1.400e+00 || +2.100e+00 || +2.800e+00 || +3.500e+00 || +4.200e+00 |
----------------------------------------------------------------------------------------------------------------
| +0.000e+00 ||  Infinity  || +8.185e+01 || +4.093e+01 || +2.729e+01 || +2.047e+01 || +1.638e+01 || +1.365e+01 |
----------------------------------------------------------------------------------------------------------------
| +1.000e+00 || +5.730e+01 || +3.371e+01 || +2.388e+01 || +1.849e+01 || +1.509e+01 || +1.275e+01 || +1.103e+01 |
----------------------------------------------------------------------------------------------------------------
| +2.000e+00 || +2.865e+01 || +2.123e+01 || +1.686e+01 || +1.399e+01 || +1.195e+01 || +1.043e+01 || +9.259e+00 |
----------------------------------------------------------------------------------------------------------------
| +3.000e+00 || +1.911e+01 || +1.550e+01 || +1.303e+01 || +1.125e+01 || +9.895e+00 || +8.834e+00 || +7.979e+00 |
----------------------------------------------------------------------------------------------------------------
| +4.000e+00 || +1.434e+01 || +1.220e+01 || +1.063e+01 || +9.411e+00 || +8.446e+00 || +7.661e+00 || +7.011e+00 |
----------------------------------------------------------------------------------------------------------------
| +5.000e+00 || +1.147e+01 || +1.007e+01 || +8.971e+00 || +8.091e+00 || +7.368e+00 || +6.765e+00 || +6.255e+00 |
----------------------------------------------------------------------------------------------------------------
| +6.000e+00 || +9.567e+00 || +8.571e+00 || +7.764e+00 || +7.097e+00 || +6.537e+00 || +6.059e+00 || +5.647e+00 |
----------------------------------------------------------------------------------------------------------------
| +7.000e+00 || +8.206e+00 || +7.463e+00 || +6.845e+00 || +6.323e+00 || +5.875e+00 || +5.487e+00 || +5.148e+00 |
----------------------------------------------------------------------------------------------------------------
| +8.000e+00 || +7.185e+00 || +6.611e+00 || +6.123e+00 || +5.702e+00 || +5.337e+00 || +5.016e+00 || +4.732e+00 |
----------------------------------------------------------------------------------------------------------------
| +9.000e+00 || +6.392e+00 || +5.935e+00 || +5.540e+00 || +5.194e+00 || +4.890e+00 || +4.620e+00 || +4.379e+00 |
----------------------------------------------------------------------------------------------------------------




----------------------------------------------------------------------------------------------------------------
|    y/x     || +4.900e+00 || +5.600e+00 || +6.300e+00 || +7.000e+00 || +7.700e+00 || +8.400e+00 || +9.100e+00 |
----------------------------------------------------------------------------------------------------------------
| +0.000e+00 || +1.171e+01 || +1.025e+01 || +9.113e+00 || +8.206e+00 || +7.463e+00 || +6.845e+00 || +6.323e+00 |
----------------------------------------------------------------------------------------------------------------
| +1.000e+00 || +9.728e+00 || +8.700e+00 || +7.870e+00 || +7.185e+00 || +6.611e+00 || +6.123e+00 || +5.702e+00 |
----------------------------------------------------------------------------------------------------------------
| +2.000e+00 || +8.324e+00 || +7.561e+00 || +6.927e+00 || +6.392e+00 || +5.935e+00 || +5.540e+00 || +5.194e+00 |
----------------------------------------------------------------------------------------------------------------
| +3.000e+00 || +7.276e+00 || +6.687e+00 || +6.188e+00 || +5.759e+00 || +5.386e+00 || +5.059e+00 || +4.771e+00 |
----------------------------------------------------------------------------------------------------------------
| +4.000e+00 || +6.464e+00 || +5.996e+00 || +5.593e+00 || +5.241e+00 || +4.931e+00 || +4.657e+00 || +4.412e+00 |
----------------------------------------------------------------------------------------------------------------
| +5.000e+00 || +5.816e+00 || +5.436e+00 || +5.103e+00 || +4.810e+00 || +4.549e+00 || +4.315e+00 || +4.105e+00 |
----------------------------------------------------------------------------------------------------------------
| +6.000e+00 || +5.288e+00 || +4.973e+00 || +4.694e+00 || +4.445e+00 || +4.222e+00 || +4.021e+00 || +3.839e+00 |
----------------------------------------------------------------------------------------------------------------
| +7.000e+00 || +4.850e+00 || +4.584e+00 || +4.347e+00 || +4.134e+00 || +3.941e+00 || +3.766e+00 || +3.606e+00 |
----------------------------------------------------------------------------------------------------------------
| +8.000e+00 || +4.479e+00 || +4.253e+00 || +4.049e+00 || +3.864e+00 || +3.695e+00 || +3.542e+00 || +3.401e+00 |
----------------------------------------------------------------------------------------------------------------
| +9.000e+00 || +4.163e+00 || +3.967e+00 || +3.790e+00 || +3.628e+00 || +3.480e+00 || +3.344e+00 || +3.219e+00 |
----------------------------------------------------------------------------------------------------------------




----------------------------------------------------------------------------------------------------------------
|    y/x     || +9.800e+00 || +1.050e+01 || +1.120e+01 || +1.190e+01 || +1.260e+01 || +1.330e+01 || +1.400e+01 |
----------------------------------------------------------------------------------------------------------------
| +0.000e+00 || +5.875e+00 || +5.487e+00 || +5.148e+00 || +4.850e+00 || +4.584e+00 || +4.347e+00 || +4.134e+00 |
----------------------------------------------------------------------------------------------------------------
| +1.000e+00 || +5.337e+00 || +5.016e+00 || +4.732e+00 || +4.479e+00 || +4.253e+00 || +4.049e+00 || +3.864e+00 |
----------------------------------------------------------------------------------------------------------------
| +2.000e+00 || +4.890e+00 || +4.620e+00 || +4.379e+00 || +4.163e+00 || +3.967e+00 || +3.790e+00 || +3.628e+00 |
----------------------------------------------------------------------------------------------------------------
| +3.000e+00 || +4.514e+00 || +4.284e+00 || +4.077e+00 || +3.889e+00 || +3.719e+00 || +3.563e+00 || +3.420e+00 |
----------------------------------------------------------------------------------------------------------------
| +4.000e+00 || +4.192e+00 || +3.994e+00 || +3.814e+00 || +3.650e+00 || +3.500e+00 || +3.363e+00 || +3.236e+00 |
----------------------------------------------------------------------------------------------------------------
| +5.000e+00 || +3.915e+00 || +3.742e+00 || +3.584e+00 || +3.440e+00 || +3.307e+00 || +3.185e+00 || +3.072e+00 |
----------------------------------------------------------------------------------------------------------------
| +6.000e+00 || +3.673e+00 || +3.521e+00 || +3.382e+00 || +3.254e+00 || +3.135e+00 || +3.026e+00 || +2.924e+00 |
----------------------------------------------------------------------------------------------------------------
| +7.000e+00 || +3.460e+00 || +3.326e+00 || +3.202e+00 || +3.087e+00 || +2.981e+00 || +2.882e+00 || +2.790e+00 |
----------------------------------------------------------------------------------------------------------------
| +8.000e+00 || +3.271e+00 || +3.152e+00 || +3.041e+00 || +2.938e+00 || +2.842e+00 || +2.753e+00 || +2.669e+00 |
----------------------------------------------------------------------------------------------------------------
| +9.000e+00 || +3.103e+00 || +2.996e+00 || +2.896e+00 || +2.803e+00 || +2.716e+00 || +2.635e+00 || +2.559e+00 |
----------------------------------------------------------------------------------------------------------------




----------------------------------------------------------------------------------------------------------------
|    y/x     || +1.470e+01 || +1.540e+01 || +1.610e+01 || +1.680e+01 || +1.750e+01 || +1.820e+01 || +1.890e+01 |
----------------------------------------------------------------------------------------------------------------
| +0.000e+00 || +3.941e+00 || +3.766e+00 || +3.606e+00 || +3.460e+00 || +3.326e+00 || +3.202e+00 || +3.087e+00 |
----------------------------------------------------------------------------------------------------------------
| +1.000e+00 || +3.695e+00 || +3.542e+00 || +3.401e+00 || +3.271e+00 || +3.152e+00 || +3.041e+00 || +2.938e+00 |
----------------------------------------------------------------------------------------------------------------
| +2.000e+00 || +3.480e+00 || +3.344e+00 || +3.219e+00 || +3.103e+00 || +2.996e+00 || +2.896e+00 || +2.803e+00 |
----------------------------------------------------------------------------------------------------------------
| +3.000e+00 || +3.289e+00 || +3.168e+00 || +3.056e+00 || +2.952e+00 || +2.855e+00 || +2.765e+00 || +2.681e+00 |
----------------------------------------------------------------------------------------------------------------
| +4.000e+00 || +3.119e+00 || +3.011e+00 || +2.910e+00 || +2.816e+00 || +2.729e+00 || +2.647e+00 || +2.570e+00 |
----------------------------------------------------------------------------------------------------------------
| +5.000e+00 || +2.967e+00 || +2.869e+00 || +2.778e+00 || +2.693e+00 || +2.613e+00 || +2.538e+00 || +2.468e+00 |
----------------------------------------------------------------------------------------------------------------
| +6.000e+00 || +2.829e+00 || +2.741e+00 || +2.658e+00 || +2.581e+00 || +2.508e+00 || +2.439e+00 || +2.375e+00 |
----------------------------------------------------------------------------------------------------------------
| +7.000e+00 || +2.705e+00 || +2.624e+00 || +2.549e+00 || +2.478e+00 || +2.411e+00 || +2.349e+00 || +2.289e+00 |
----------------------------------------------------------------------------------------------------------------
| +8.000e+00 || +2.591e+00 || +2.518e+00 || +2.449e+00 || +2.384e+00 || +2.323e+00 || +2.265e+00 || +2.210e+00 |
----------------------------------------------------------------------------------------------------------------
| +9.000e+00 || +2.488e+00 || +2.421e+00 || +2.357e+00 || +2.298e+00 || +2.241e+00 || +2.188e+00 || +2.137e+00 |
----------------------------------------------------------------------------------------------------------------




----------------------------
|    y/x     || +1.900e+01 |
----------------------------
| +0.000e+00 || +3.072e+00 |
----------------------------
| +1.000e+00 || +2.924e+00 |
----------------------------
| +2.000e+00 || +2.790e+00 |
----------------------------
| +3.000e+00 || +2.669e+00 |
----------------------------
| +4.000e+00 || +2.559e+00 |
----------------------------
| +5.000e+00 || +2.459e+00 |
----------------------------
| +6.000e+00 || +2.366e+00 |
----------------------------
| +7.000e+00 || +2.281e+00 |
----------------------------
| +8.000e+00 || +2.203e+00 |
----------------------------
| +9.000e+00 || +2.130e+00 |
----------------------------




----------------------------------------------------------------------------------------------------------------
|    y/x     || +0.000e+00 || +7.000e-01 || +1.400e+00 || +2.100e+00 || +2.800e+00 || +3.500e+00 || +4.200e+00 |
----------------------------------------------------------------------------------------------------------------
| +1.000e+01 || +5.759e+00 || +5.386e+00 || +5.059e+00 || +4.771e+00 || +4.514e+00 || +4.284e+00 || +4.077e+00 |
----------------------------------------------------------------------------------------------------------------
| +1.100e+01 || +5.241e+00 || +4.931e+00 || +4.657e+00 || +4.412e+00 || +4.192e+00 || +3.994e+00 || +3.814e+00 |
----------------------------------------------------------------------------------------------------------------
| +1.200e+01 || +4.810e+00 || +4.549e+00 || +4.315e+00 || +4.105e+00 || +3.915e+00 || +3.742e+00 || +3.584e+00 |
----------------------------------------------------------------------------------------------------------------
| +1.300e+01 || +4.445e+00 || +4.222e+00 || +4.021e+00 || +3.839e+00 || +3.673e+00 || +3.521e+00 || +3.382e+00 |
----------------------------------------------------------------------------------------------------------------
| +1.400e+01 || +4.134e+00 || +3.941e+00 || +3.766e+00 || +3.606e+00 || +3.460e+00 || +3.326e+00 || +3.202e+00 |
----------------------------------------------------------------------------------------------------------------
| +1.500e+01 || +3.864e+00 || +3.695e+00 || +3.542e+00 || +3.401e+00 || +3.271e+00 || +3.152e+00 || +3.041e+00 |
----------------------------------------------------------------------------------------------------------------
| +1.600e+01 || +3.628e+00 || +3.480e+00 || +3.344e+00 || +3.219e+00 || +3.103e+00 || +2.996e+00 || +2.896e+00 |
----------------------------------------------------------------------------------------------------------------
| +1.700e+01 || +3.420e+00 || +3.289e+00 || +3.168e+00 || +3.056e+00 || +2.952e+00 || +2.855e+00 || +2.765e+00 |
----------------------------------------------------------------------------------------------------------------
| +1.800e+01 || +3.236e+00 || +3.119e+00 || +3.011e+00 || +2.910e+00 || +2.816e+00 || +2.729e+00 || +2.647e+00 |
----------------------------------------------------------------------------------------------------------------
| +1.900e+01 || +3.072e+00 || +2.967e+00 || +2.869e+00 || +2.778e+00 || +2.693e+00 || +2.613e+00 || +2.538e+00 |
----------------------------------------------------------------------------------------------------------------




----------------------------------------------------------------------------------------------------------------
|    y/x     || +4.900e+00 || +5.600e+00 || +6.300e+00 || +7.000e+00 || +7.700e+00 || +8.400e+00 || +9.100e+00 |
----------------------------------------------------------------------------------------------------------------
| +1.000e+01 || +3.889e+00 || +3.719e+00 || +3.563e+00 || +3.420e+00 || +3.289e+00 || +3.168e+00 || +3.056e+00 |
----------------------------------------------------------------------------------------------------------------
| +1.100e+01 || +3.650e+00 || +3.500e+00 || +3.363e+00 || +3.236e+00 || +3.119e+00 || +3.011e+00 || +2.910e+00 |
----------------------------------------------------------------------------------------------------------------
| +1.200e+01 || +3.440e+00 || +3.307e+00 || +3.185e+00 || +3.072e+00 || +2.967e+00 || +2.869e+00 || +2.778e+00 |
----------------------------------------------------------------------------------------------------------------
| +1.300e+01 || +3.254e+00 || +3.135e+00 || +3.026e+00 || +2.924e+00 || +2.829e+00 || +2.741e+00 || +2.658e+00 |
----------------------------------------------------------------------------------------------------------------
| +1.400e+01 || +3.087e+00 || +2.981e+00 || +2.882e+00 || +2.790e+00 || +2.705e+00 || +2.624e+00 || +2.549e+00 |
----------------------------------------------------------------------------------------------------------------
| +1.500e+01 || +2.938e+00 || +2.842e+00 || +2.753e+00 || +2.669e+00 || +2.591e+00 || +2.518e+00 || +2.449e+00 |
----------------------------------------------------------------------------------------------------------------
| +1.600e+01 || +2.803e+00 || +2.716e+00 || +2.635e+00 || +2.559e+00 || +2.488e+00 || +2.421e+00 || +2.357e+00 |
----------------------------------------------------------------------------------------------------------------
| +1.700e+01 || +2.681e+00 || +2.602e+00 || +2.528e+00 || +2.459e+00 || +2.393e+00 || +2.331e+00 || +2.273e+00 |
----------------------------------------------------------------------------------------------------------------
| +1.800e+01 || +2.570e+00 || +2.498e+00 || +2.430e+00 || +2.366e+00 || +2.306e+00 || +2.249e+00 || +2.195e+00 |
----------------------------------------------------------------------------------------------------------------
| +1.900e+01 || +2.468e+00 || +2.402e+00 || +2.340e+00 || +2.281e+00 || +2.226e+00 || +2.173e+00 || +2.123e+00 |
----------------------------------------------------------------------------------------------------------------




----------------------------------------------------------------------------------------------------------------
|    y/x     || +9.800e+00 || +1.050e+01 || +1.120e+01 || +1.190e+01 || +1.260e+01 || +1.330e+01 || +1.400e+01 |
----------------------------------------------------------------------------------------------------------------
| +1.000e+01 || +2.952e+00 || +2.855e+00 || +2.765e+00 || +2.681e+00 || +2.602e+00 || +2.528e+00 || +2.459e+00 |
----------------------------------------------------------------------------------------------------------------
| +1.100e+01 || +2.816e+00 || +2.729e+00 || +2.647e+00 || +2.570e+00 || +2.498e+00 || +2.430e+00 || +2.366e+00 |
----------------------------------------------------------------------------------------------------------------
| +1.200e+01 || +2.693e+00 || +2.613e+00 || +2.538e+00 || +2.468e+00 || +2.402e+00 || +2.340e+00 || +2.281e+00 |
----------------------------------------------------------------------------------------------------------------
| +1.300e+01 || +2.581e+00 || +2.508e+00 || +2.439e+00 || +2.375e+00 || +2.314e+00 || +2.257e+00 || +2.203e+00 |
----------------------------------------------------------------------------------------------------------------
| +1.400e+01 || +2.478e+00 || +2.411e+00 || +2.349e+00 || +2.289e+00 || +2.233e+00 || +2.180e+00 || +2.130e+00 |
----------------------------------------------------------------------------------------------------------------
| +1.500e+01 || +2.384e+00 || +2.323e+00 || +2.265e+00 || +2.210e+00 || +2.158e+00 || +2.109e+00 || +2.063e+00 |
----------------------------------------------------------------------------------------------------------------
| +1.600e+01 || +2.298e+00 || +2.241e+00 || +2.188e+00 || +2.137e+00 || +2.089e+00 || +2.043e+00 || +2.000e+00 |
----------------------------------------------------------------------------------------------------------------
| +1.700e+01 || +2.218e+00 || +2.166e+00 || +2.116e+00 || +2.069e+00 || +2.025e+00 || +1.982e+00 || +1.942e+00 |
----------------------------------------------------------------------------------------------------------------
| +1.800e+01 || +2.144e+00 || +2.096e+00 || +2.050e+00 || +2.006e+00 || +1.964e+00 || +1.925e+00 || +1.887e+00 |
----------------------------------------------------------------------------------------------------------------
| +1.900e+01 || +2.076e+00 || +2.031e+00 || +1.988e+00 || +1.947e+00 || +1.908e+00 || +1.871e+00 || +1.836e+00 |
----------------------------------------------------------------------------------------------------------------




----------------------------------------------------------------------------------------------------------------
|    y/x     || +1.470e+01 || +1.540e+01 || +1.610e+01 || +1.680e+01 || +1.750e+01 || +1.820e+01 || +1.890e+01 |
----------------------------------------------------------------------------------------------------------------
| +1.000e+01 || +2.393e+00 || +2.331e+00 || +2.273e+00 || +2.218e+00 || +2.166e+00 || +2.116e+00 || +2.069e+00 |
----------------------------------------------------------------------------------------------------------------
| +1.100e+01 || +2.306e+00 || +2.249e+00 || +2.195e+00 || +2.144e+00 || +2.096e+00 || +2.050e+00 || +2.006e+00 |
----------------------------------------------------------------------------------------------------------------
| +1.200e+01 || +2.226e+00 || +2.173e+00 || +2.123e+00 || +2.076e+00 || +2.031e+00 || +1.988e+00 || +1.947e+00 |
----------------------------------------------------------------------------------------------------------------
| +1.300e+01 || +2.151e+00 || +2.103e+00 || +2.056e+00 || +2.012e+00 || +1.970e+00 || +1.930e+00 || +1.892e+00 |
----------------------------------------------------------------------------------------------------------------
| +1.400e+01 || +2.082e+00 || +2.037e+00 || +1.994e+00 || +1.953e+00 || +1.914e+00 || +1.877e+00 || +1.841e+00 |
----------------------------------------------------------------------------------------------------------------
| +1.500e+01 || +2.018e+00 || +1.976e+00 || +1.936e+00 || +1.898e+00 || +1.861e+00 || +1.826e+00 || +1.793e+00 |
----------------------------------------------------------------------------------------------------------------
| +1.600e+01 || +1.959e+00 || +1.919e+00 || +1.882e+00 || +1.846e+00 || +1.812e+00 || +1.779e+00 || +1.748e+00 |
----------------------------------------------------------------------------------------------------------------
| +1.700e+01 || +1.903e+00 || +1.866e+00 || +1.831e+00 || +1.798e+00 || +1.766e+00 || +1.735e+00 || +1.705e+00 |
----------------------------------------------------------------------------------------------------------------
| +1.800e+01 || +1.851e+00 || +1.817e+00 || +1.784e+00 || +1.752e+00 || +1.722e+00 || +1.693e+00 || +1.666e+00 |
----------------------------------------------------------------------------------------------------------------
| +1.900e+01 || +1.802e+00 || +1.770e+00 || +1.739e+00 || +1.710e+00 || +1.681e+00 || +1.654e+00 || +1.628e+00 |
----------------------------------------------------------------------------------------------------------------




----------------------------
|    y/x     || +1.900e+01 |
----------------------------
| +1.000e+01 || +2.063e+00 |
----------------------------
| +1.100e+01 || +2.000e+00 |
----------------------------
| +1.200e+01 || +1.942e+00 |
----------------------------
| +1.300e+01 || +1.887e+00 |
----------------------------
| +1.400e+01 || +1.836e+00 |
----------------------------
| +1.500e+01 || +1.788e+00 |
----------------------------
| +1.600e+01 || +1.743e+00 |
----------------------------
| +1.700e+01 || +1.701e+00 |
----------------------------
| +1.800e+01 || +1.662e+00 |
----------------------------
| +1.900e+01 || +1.624e+00 |
----------------------------




----------------------------------------------------------------------------------------------------------------
|    y/x     || +0.000e+00 || +7.000e-01 || +1.400e+00 || +2.100e+00 || +2.800e+00 || +3.500e+00 || +4.200e+00 |
----------------------------------------------------------------------------------------------------------------
| +2.000e+01 || +2.924e+00 || +2.829e+00 || +2.741e+00 || +2.658e+00 || +2.581e+00 || +2.508e+00 || +2.439e+00 |
----------------------------------------------------------------------------------------------------------------




----------------------------------------------------------------------------------------------------------------
|    y/x     || +4.900e+00 || +5.600e+00 || +6.300e+00 || +7.000e+00 || +7.700e+00 || +8.400e+00 || +9.100e+00 |
----------------------------------------------------------------------------------------------------------------
| +2.000e+01 || +2.375e+00 || +2.314e+00 || +2.257e+00 || +2.203e+00 || +2.151e+00 || +2.103e+00 || +2.056e+00 |
----------------------------------------------------------------------------------------------------------------




----------------------------------------------------------------------------------------------------------------
|    y/x     || +9.800e+00 || +1.050e+01 || +1.120e+01 || +1.190e+01 || +1.260e+01 || +1.330e+01 || +1.400e+01 |
----------------------------------------------------------------------------------------------------------------
| +2.000e+01 || +2.012e+00 || +1.970e+00 || +1.930e+00 || +1.892e+00 || +1.856e+00 || +1.821e+00 || +1.788e+00 |
----------------------------------------------------------------------------------------------------------------




----------------------------------------------------------------------------------------------------------------
|    y/x     || +1.470e+01 || +1.540e+01 || +1.610e+01 || +1.680e+01 || +1.750e+01 || +1.820e+01 || +1.890e+01 |
----------------------------------------------------------------------------------------------------------------
| +2.000e+01 || +1.757e+00 || +1.726e+00 || +1.697e+00 || +1.669e+00 || +1.643e+00 || +1.617e+00 || +1.592e+00 |
----------------------------------------------------------------------------------------------------------------




----------------------------
|    y/x     || +1.900e+01 |
----------------------------
| +2.000e+01 || +1.589e+00 |
----------------------------



